19960101
19960115
19960219
19960527
19960704
19960902
19961014
19961111
19961128
19961225
19970101
19970120
19970217
19970526
19970704
19970901
19971013
19971111
19971127
19971225
19980101
19980119
19980216
19980525
19980907
19981012
19981111
19981126
19981225
19990101
19990118
19990215
19990531
19990705
19990906
19991011
19991111
19991125
20000101
20000117
20000221
20000529
20000704
20000904
20001009
20001111
20001123
20001225
20010101
20010115
20010219
20010528
20010704
20010903
20011008
20011112
20011122
20011225
20020101
20020121
20020218
20020527
20020704
20020902
20021014
20021111
20021128
20021225
20030101
20030120
20030217
20030526
20030704
20030901
20031013
20031111
20031127
20031225
20040101
20040119
20040216
20040531
20040705
20040906
20041011
20041111
20041125
20041225
20050101
20050117
20050221
20050530
20050704
20050905
20051010
20051111
20051124
20051226
20060102
20060116
20060220
20060414
20060529
20060704
20060904
20061009
20061111
20061123
20061225
20070101
20070115
20070219
20070406
20070528
20070704
20070903
20071008
20071112
20071122
20071225
20080101
20080121
20080218
20080321
20080526
20080704
20080901
20081013
20081111
20081127
20081225
20090101
20090119
20090129
20090216
20090410
20090525
20090703
20090704
20090907
20091012
20091111
20091126
20091225
20100101
20100118
20100215
20100402
20100531
20100705
20100906
20101011
20101111
20101125
20101224
20101225
20101231
20110101
20110117
20110221
20110530
20110704
20110905
20111010
20111111
20111124
20111226
20120102
20120116
20120220
20120528
20120704
20120903
20121008
20121112
20121122
20121225
20130101
20130121
20130218
20130527
20130704
20130902
20131014
20131111
20131128
20131225
20140101
20140120
20140217
20140526
20140704
20140901
20141013
20141111
20141127
20141225
20150101
20150119
20150216
20150525
20150704
20150907
20151012
20151111
20151126
20151225
20160101
20160118
20160215
20160530
20160704
20160905
20161010
20161111
20161124
20161226
20170102
20170116
20170220
20170529
20170704
20170904
20171009
20171111
20171123
20171225
20180101
20180115
20180219
20180528
20180704
20180903
20181008
20181112
20181122
20181225
20190101
20190121
20190218
20190527
20190704
20190902
20191014
20191111
20191128
20191225
20200101
20200120
20200217
20200525
20200704
20200907
20201012
20201111
20201126
20201225
20210101
20210118
20210215
20210531
20210705
20210906
20211011
20211111
20211125
20211225
20220101
20220117
20220221
20220530
20220704
20220905
20221010
20221111
20221124
20221226
20230102
20230116
20230220
20230529
20230704
20230904
20231009
20231111
20231123
20231225
20240101
20240115
20240219
20240527
20240704
20240902
20241014
20241111
20241128
20241225
20250101
20250120
20250217
20250526
20250704
20250901
20251013
20251111
20251127
20251225
20260101
20260119
20260216
20260525
20260704
20260907
20261012
20261111
20261126
20261225
20270101
20270118
20270215
20270531
20270705
20270906
20271011
20271111
20271125
20271225
20280101
20280117
20280221
20280529
20280704
20280904
20281009
20281111
20281123
20281225
20290101
20290115
20290219
20290528
20290704
20290903
20291008
20291112
20291122
20291225
20300101
20300121
20300218
20300527
20300704
20300902
20301014
20301111
20301128
20301225
20310101
20310120
20310217
20310526
20310704
20310901
20311013
20311111
20311127
20311225
20320101
20320119
20320216
20320531
20320705
20320906
20321011
20321111
20321125
20321225
20330101
20330117
20330221
20330530
20330704
20330905
20331010
20331111
20331124
20331226
20340102
20340116
20340220
20340529
20340704
20340904
20341009
20341111
20341123
20341225
20350101
20350115
20350219
20350528
20350704
20350903
20351008
20351112
20351122
20351225
20360101
20360121
20360218
20360526
20360704
20360901
20361013
20361111
20361127
20361225
20370101
20370119
20370216
20370525
20370704
20370907
20371012
20371111
20371126
20371225
20380101
20380118
20380215
20380531
20380705
20380906
20381011
20381111
20381125
20381225
20390101
20390117
20390221
20390530
20390704
20390905
20391010
20391111
20391124
20391226
20400102
20400116
20400220
20400528
20400704
20400903
20401008
20401112
20401122
20401225
20410101
20410121
20410218
20410527
20410704
20410902
20411014
20411111
20411128
20411225
20420101
20420120
20420217
20420526
20420704
20420901
20421013
20421111
20421127
20421225
20430101
20430119
20430216
20430525
20430704
20430907
20431012
20431111
20431126
20431225
20440101
20440118
20440215
20440530
20440704
20440905
20441010
20441111
20441124
20441226
20450102
20450116
20450220
20450529
20450704
20450904
20451009
20451111
20451123
20451225
20460101
20460115
20460219
20460528
20460704
20460903
20461008
20461112
20461122
20461225
20470101
20470121
20470218
20470527
20470704
20470902
20471014
20471111
20471128
20471225
20480101
20480120
20480217
20480525
20480704
20480907
20481012
20481111
20481126
20481225
20490101
20490118
20490215
20490531
20490705
20490906
20491011
20491111
20491125
20491225
