20030101
20030401
20030408
20030418
20030421
20030429
20030609
20030714
20031111
20031225
20031226
20040101
20040409
20040412
20050101
20050325
20050328
20050501
20051225
20051226
20060101
20060414
20060417
20060501
20061225
20061226
20070101
20070406
20070409
20070501
20071225
20071226
20080101
20080321
20080324
20080501
20081225
20081226
20090101
20090410
20090413
20090501
20091225
20091226
20100101
20100402
20100405
20100501
20101225
20101226
20110101
20110422
20110425
20110501
20111225
20111226
20120101
20120406
20120409
20120501
20121225
20121226
20130101
20130329
20130401
20130501
20131225
20131226
20140101
20140418
20140421
20140501
20141225
20141226
20150101
20150403
20150406
20150501
20151225
20151226
20160101
20160325
20160328
20160501
20161225
20161226
20170101
20170414
20170417
20170501
20171225
20171226
20180101
20180330
20180402
20180501
20181225
20181226
20190101
20190419
20190422
20190501
20191225
20191226
20200101
20200410
20200413
20200501
20201225
20201226
20210101
20210402
20210405
20210501
20211225
20211226
20220101
20220415
20220418
20220501
20221225
20221226
20230101
20230407
20230410
20230501
20231225
20231226
20240101
20240329
20240401
20240501
20241225
20241226
20250101
20250418
20250421
20250501
20251225
20251226
20260101
20260403
20260406
20260501
20261225
20261226
20270101
20270326
20270329
20270501
20271225
20271226
20280101
20280414
20280417
20280501
20281225
20281226
20290101
20290330
20290402
20290501
20291225
20291226
20300101
20300419
20300422
20300501
20301225
20301226
20310101
20310411
20310414
20310501
20311225
20311226
20320101
20320326
20320329
20320501
20321225
20321226
20330101
20330415
20330418
20330501
20331225
20331226
20340101
20340407
20340410
20340501
20341225
20341226
20350101
20350323
20350326
20350501
20351225
20351226
20360101
20360411
20360414
20360501
20361225
20361226
20370101
20370403
20370406
20370501
20371225
20371226
20380101
20380423
20380426
20380501
20381225
20381226
20390101
20390408
20390411
20390501
20391225
20391226
20400101
20400330
20400402
20400501
20401225
20401226
20410101
20410419
20410422
20410501
20411225
20411226
20420101
20420404
20420407
20420501
20421225
20421226
20430101
20430327
20430330
20430501
20431225
20431226
20440101
20440415
20440418
20440501
20441225
20441226
20450101
20450407
20450410
20450501
20451225
20451226
20460101
20460323
20460326
20460501
20461225
20461226
20470101
20470412
20470415
20470501
20471225
20471226
20480101
20480403
20480406
20480501
20481225
20481226
20490101
20490416
20490419
20490501
20491225
20491226
